2.128059412387513021e+03
2.219691196079809743e+03
2.151873977577965434e+03
2.110045210882502488e+03
1.978078079308600991e+03
2.036281441479628029e+03
2.194472163464759888e+03
2.216900070730756397e+03
2.094884232723250989e+03
2.016525531732921763e+03
2.160346570167967457e+03
2.112510680730999866e+03
2.219904665498991108e+03
2.206261319249183543e+03
2.111981897760105312e+03
2.098285872608136287e+03
2.041232533362534468e+03
2.042186429443099314e+03
2.109530073199406615e+03
2.069211901407439655e+03
2.208400602279820760e+03
2.074522436056606239e+03
2.122914828140526879e+03
2.078667778485063081e+03
2.211816853871241619e+03
2.226298460954243183e+03
2.159142996395926730e+03
2.096828253999573008e+03
2.089877803987957577e+03
2.003600749685455867e+03
2.199656219637594859e+03
2.052863985812037299e+03
2.119371972613655544e+03
2.179344974084031037e+03
2.239692561941003078e+03
2.091498608470072668e+03
2.131555567145943314e+03
2.176158478764028587e+03
2.081300538737305942e+03
2.198715137267216505e+03
2.123563677594329874e+03
2.064472279643335696e+03
2.144678500352896208e+03
2.059271240349433810e+03
2.078296674390880980e+03
2.112074937465032690e+03
2.147788198653097425e+03
2.085697909790714675e+03
1.985000537243745157e+03
2.252748918701044204e+03
2.060944474392691063e+03
2.127060737979013538e+03
2.182479277443350838e+03
2.181061176753847121e+03
2.050272494464401461e+03
2.122093721683482727e+03
1.998022883647635581e+03
2.096176886953977828e+03
2.090915675399242900e+03
2.153384809832693463e+03
2.116946010656630278e+03
2.146572957171889811e+03
2.161906853672162470e+03
1.988202218967074941e+03
2.114332533806481933e+03
2.026445259743801898e+03
2.207612074005176964e+03
2.105250989656732145e+03
2.128180334789359677e+03
2.046749023865422032e+03
2.204115402095732861e+03
2.099662687710930641e+03
2.196954689215538565e+03
2.262695786850743389e+03
2.199701399933708672e+03
2.071734712242350724e+03
2.091268414067423691e+03
2.134851839636074146e+03
2.115211297091637789e+03
2.035224500173226033e+03
2.086397008041654317e+03
2.126444120353389735e+03
2.120114308667526529e+03
2.069034130942806314e+03
2.145134628422990318e+03
2.079874446352844188e+03
2.065609991455040927e+03
2.065364701048198640e+03
2.017318751034867091e+03
2.189106161854676429e+03
2.086734634666263446e+03
2.158939121352784696e+03
2.087492386381172764e+03
2.228389605366207434e+03
2.032295927345450764e+03
2.089009737427458731e+03
2.043542622785836556e+03
2.106018238858282984e+03
2.149807098259473150e+03
2.151595637853994958e+03
2.123132578266362998e+03
2.118277883331725661e+03
2.162435695232722537e+03
2.148784116454463856e+03
2.150283303604940102e+03
2.075343457796825987e+03
2.133162326615293296e+03
2.103043264669935070e+03
2.196029023956933088e+03
2.103386413369128149e+03
2.130833013307306373e+03
2.281181890853794357e+03
2.188735448043901670e+03
2.126019597633764988e+03
2.073116829598159256e+03
2.122977809794261248e+03
2.212658535439403749e+03
2.130379586353250943e+03
2.193828335594949749e+03
2.096515504003044953e+03
2.257519925537073505e+03
2.126643934408096811e+03
2.132659283647621123e+03
2.076668817132381719e+03
2.124132592757533985e+03
2.123446064335607844e+03
2.031056400721008231e+03
2.032538635509103869e+03
2.159858337182503874e+03
2.029312837972467378e+03
2.137190603125762664e+03
2.143922568871755175e+03
2.230198365974119497e+03
2.085410363461341149e+03
2.098890321012047025e+03
2.187405568978143947e+03
2.122635092915523728e+03
2.054084759597806169e+03
2.155556347122369971e+03
2.134654344263688472e+03
2.060946068882051804e+03
2.062010486117307664e+03
2.178243356460176528e+03
2.097528168016332529e+03
2.082261075258357323e+03
2.051605433086036555e+03
2.100886882437235272e+03
2.103099289505635170e+03
2.071223803549088643e+03
2.111641661625824327e+03
2.156326239048828938e+03
2.020213697690478284e+03
2.136345644664994779e+03
2.315321652072319466e+03
2.033464506968878595e+03
2.085650799850011481e+03
2.186064362411605089e+03
2.218997720101507639e+03
2.151509466223711570e+03
2.137007719843072209e+03
2.091846388455720444e+03
2.071460234577659321e+03
2.076671668330259308e+03
2.013719454875151541e+03
2.130329552177702681e+03
2.111439896631811735e+03
2.251071336545297527e+03
2.177584076015793016e+03
2.178211293796296559e+03
2.123971228766591139e+03
2.267831547262454478e+03
2.228209447279256437e+03
2.292449401778677384e+03
2.109577699667669094e+03
2.029091585521822253e+03
2.282831002666797758e+03
2.215782119099220381e+03
2.143852003911236352e+03
2.092616559391430201e+03
2.195816899517471938e+03
2.046028623941436990e+03
2.096431573707589450e+03
2.071698717689363548e+03
2.166358783979866530e+03
2.263159353583900156e+03
2.046806573794540782e+03
2.105507723659241947e+03
2.083129078503888650e+03
1.967178081346707359e+03
2.085818055497972182e+03
2.021659274458487062e+03
2.049855203940584033e+03
2.069064912056261164e+03
2.171639229615243949e+03
2.141907937315083018e+03
2.174882115524092114e+03
2.126733811505969697e+03
2.120894996446224923e+03
2.125214783380851259e+03
2.162111925711767526e+03
2.195930095868788612e+03
2.133439786346869823e+03
2.001171066126319147e+03
2.041028255736691108e+03
2.059814730635306205e+03
2.040034795910732100e+03
2.089644785365369898e+03
2.063107943539657754e+03
2.007053727834311303e+03
2.167598373770436865e+03
2.193684029593245214e+03
2.203490921201876517e+03
2.080357091859256798e+03
2.049118563123111016e+03
2.146821613994041854e+03
2.066201400994248161e+03
2.082900755605520771e+03
2.109267439610275233e+03
2.061476074969480578e+03
2.033803896222603043e+03
1.879456236318857691e+03
2.090260486124617728e+03
2.125220986360263851e+03
2.083370515749696096e+03
2.053265217512979689e+03
2.126551657728256487e+03
2.169481989671376596e+03
2.077870922225183222e+03
2.156017182077534471e+03
2.124175901838621485e+03
2.202303494716228215e+03
2.127690747382129757e+03
2.173837238392736708e+03
2.105455257256157893e+03
2.118117595452570640e+03
2.122378331524944315e+03
2.173161089506982080e+03
2.134197400465173814e+03
2.245763962612472824e+03
2.059153482021604304e+03
2.103478837663867125e+03
2.309531266907428744e+03
2.108706039423713264e+03
2.242120167008331009e+03
1.944323407051468166e+03
2.100545993211969744e+03
2.176479450171695589e+03
2.120337228180851071e+03
2.173308431737766114e+03
2.192512961710555828e+03
2.282269667213375669e+03
2.007503980712416478e+03
2.087125876112848800e+03
2.023930226656396371e+03
2.045117089870103200e+03
2.192015040158194552e+03
2.097070446082580020e+03
2.141368162636415946e+03
2.076512079927469131e+03
2.213874830105832643e+03
2.340827264779188681e+03
2.259195789854895793e+03
2.103033547540636846e+03
2.166845874221437043e+03
2.093952244299985068e+03
2.182957441253155594e+03
2.211961571559178083e+03
2.111253020173188361e+03
2.119684120013403572e+03
2.113207051235597646e+03
2.153621921561540603e+03
2.210922630471598495e+03
2.117742224385815007e+03
2.140700021372714673e+03
2.059325890638237524e+03
2.050830819556314964e+03
2.030346480651175852e+03
2.180021844261475508e+03
2.174097235852755603e+03
2.059981590927432990e+03
2.138417251535266132e+03
2.165339375024375840e+03
2.124688601193300201e+03
2.085776900113071861e+03
2.151599220843256262e+03
2.169908810228280345e+03
2.140489285773569009e+03
2.145377078533151689e+03
2.033477328823538073e+03
2.173689803322995886e+03
2.130070763957004601e+03
2.181061224172313814e+03
2.189471460693761401e+03
2.056449788741915654e+03
2.142121020542284896e+03
2.216930117031979080e+03
2.105750172691894022e+03
2.194435124408020329e+03
2.140384014940334964e+03
2.184977045400418319e+03
2.087071989010308698e+03
1.999743675463675800e+03
2.055736971212292246e+03
2.121331607038192942e+03
2.184864545706974695e+03
2.097285256937638678e+03
2.121206317306662186e+03
2.204930425907346944e+03
2.092176957231448796e+03
2.104448568658742715e+03
2.159434674597514459e+03
2.108006386130031842e+03
2.090872845733074882e+03
2.204171905197423257e+03
2.084414397788396855e+03
2.034509486963526797e+03
2.019258510872819897e+03
2.045102446428411440e+03
2.240831596883547263e+03
2.054189043341091292e+03
2.075803044206179038e+03
2.084215826224891316e+03
2.254623116044708695e+03
2.121355999004178102e+03
2.049364134169134104e+03
2.124854859925551409e+03
2.186266627407323540e+03
2.154105028915139883e+03
2.248891556641275201e+03
2.152000544546823676e+03
2.102150334600785754e+03
2.136233832770878507e+03
2.185164867556920399e+03
2.179677815789686065e+03
2.069297071595224224e+03
2.058211158798003908e+03
2.049634202557258504e+03
2.111988292776508388e+03
2.035244622407066572e+03
2.128020576725788032e+03
2.143519041095492867e+03
2.228500603026322096e+03
2.043965410052669085e+03
2.099414924692800469e+03
2.189027987429946279e+03
2.135036718783043398e+03
2.276036644119498305e+03
2.153364603091176377e+03
2.106886467424060811e+03
2.193179883338999389e+03
2.106440306429347402e+03
2.104600948506462828e+03
2.146303372577421214e+03
2.234361941255515376e+03
2.057602815795072729e+03
2.164347597795383535e+03
2.187690060628818173e+03
2.083159006845362455e+03
2.115344522685830725e+03
2.265152431872142188e+03
2.162887592348219187e+03
2.167309098842426465e+03
2.159568911867304450e+03
2.147051400565099812e+03
2.145672886537784507e+03
2.112366701198838655e+03
2.158603243832443241e+03
2.214352007327584033e+03
2.213574463252124588e+03
2.082837115576517590e+03
2.389522919790162177e+03
2.162984091026575243e+03
2.102344192930020199e+03
2.161420433386485001e+03
2.065949744152162566e+03
2.218710940447151643e+03
2.133887268017434963e+03
2.232194113298064167e+03
2.073869724884734296e+03
2.170547546777392654e+03
2.191209126930568345e+03
2.091776181261692273e+03
2.277391030890348247e+03
2.189830153315375355e+03
2.088987435712780098e+03
2.208908386121989224e+03
2.077539488053891546e+03
2.028392792703683199e+03
2.177038817562886379e+03
2.119849793702433089e+03
2.074608125725721038e+03
2.110307747603123062e+03
2.028203846137956134e+03
2.182780705779329310e+03
2.132622528293947653e+03
2.211756043221652362e+03
2.179638831613561706e+03
2.184041404651198263e+03
2.139037456017071690e+03
2.083208502058803333e+03
2.081116753615415291e+03
2.004602193351395272e+03
2.148876747431385866e+03
2.177006908317521265e+03
2.168598609954534822e+03
2.041057383833771155e+03
2.208661439201329813e+03
2.125771679486063022e+03
2.154615045829911651e+03
2.075158589259704058e+03
2.072217932214091888e+03
2.238416420478005875e+03
2.107280168666364261e+03
1.980993397156154742e+03
2.040353531912576500e+03
2.167885459349080065e+03
2.220797531860796425e+03
2.208597361645437104e+03
2.120261948592622048e+03
2.213157684466288174e+03
2.097828888882464980e+03
2.163605562854992058e+03
2.114673015301080795e+03
2.104853644444073780e+03
2.131780354829852968e+03
2.252030605048645612e+03
2.244017076216328860e+03
2.078518467242232873e+03
2.094465505046842281e+03
2.109417427247635260e+03
2.070723847027325974e+03
2.141589951829490474e+03
2.103754971883535291e+03
2.099612907293660555e+03
2.170427638818934611e+03
2.102875492584789754e+03
2.135409346906345490e+03
2.114011580868562760e+03
2.123588616491908397e+03
2.173738265589646289e+03
2.097001108168812152e+03
2.172522601689023304e+03
2.105012091571350993e+03
2.011780973857212757e+03
2.014900514981095967e+03
2.129886203579752873e+03
2.083080595102655025e+03
2.116247439918668533e+03
2.165522546922140464e+03
2.089438636941673394e+03
2.089510819690417065e+03
2.164054366994543216e+03
2.158963259770709556e+03
2.108340973109862716e+03
2.025721456502400315e+03
2.083939733738757241e+03
2.073525989991122060e+03
2.085998559200163982e+03
2.024164385745717709e+03
2.056535856024460827e+03
2.255814232232684390e+03
2.072632637711039479e+03
2.124639007042796948e+03
2.070537109889611656e+03
2.094924627181027518e+03
2.235248778992817734e+03
2.092785509429159447e+03
2.100602207514675683e+03
2.063833307450039683e+03
2.036822609035234791e+03
2.179925511898681634e+03
2.111154473505211627e+03
2.211838703600776626e+03
2.228108241647409614e+03
2.101064046189803321e+03
2.061286924947193711e+03
2.033414715150203619e+03
2.090836876778879741e+03
2.106341913831337024e+03
2.101458638030046586e+03
2.172718585232884834e+03
2.156844587479751681e+03
2.202213964556611700e+03
2.135846505570651061e+03
1.898637737061212874e+03
2.302825799863461725e+03
2.281572984948468275e+03
2.075040080871071495e+03
2.039536161850516464e+03
2.033032270007965053e+03
2.025615328192170637e+03
2.199522980954532159e+03
2.173278401869399659e+03
2.195726418602953800e+03
2.293063751002770005e+03
2.262175327203384313e+03
2.149352129162200072e+03
2.092729385817348884e+03
2.221309865526850899e+03
2.124361041654926794e+03
2.132478005141285848e+03
2.145755415481860382e+03
2.064318206770572033e+03
2.087551756535617187e+03
2.109642937546300800e+03
2.191906144202433552e+03
2.084716629947343336e+03
2.123384275920852815e+03
2.292122041929637362e+03
2.130120071765223656e+03
2.117099235420652803e+03
2.125012092187696908e+03
2.211121908266780338e+03
2.063155780280596900e+03
2.054812094783004795e+03
2.217631759891634374e+03
2.159385524277169225e+03
1.993392199079033844e+03
2.054237159253862956e+03
2.152579865841142691e+03
2.105595377964839827e+03
2.079493698017750376e+03
1.999536808404608564e+03
2.077743662136389958e+03
2.170056070095780797e+03
2.302415177331100040e+03
2.189532906069207456e+03
2.124809913842937476e+03
2.146648460697667360e+03
2.149150275931090619e+03
2.171808955211408374e+03
2.213403228791207766e+03
2.114955545596642423e+03
2.233800260192194401e+03
2.152658918578056728e+03
2.015572216557209458e+03
2.101100172726696201e+03
2.103369486068366314e+03
2.046375825565974083e+03
2.186525868645969695e+03
2.103572005670856925e+03
2.032507282764897354e+03
2.140066487007481101e+03
2.004690533798607021e+03
2.078439474916330255e+03
2.123954537642620380e+03
2.129297697702166715e+03
2.141058510713814030e+03
2.106888530656333842e+03
2.129740085470278700e+03
2.105140811702884093e+03
2.080115324140906523e+03
2.145827102533217840e+03
2.179902893521911210e+03
2.342073733703234211e+03
2.070466186669843410e+03
2.173788403980307976e+03
2.132655500740282605e+03
2.122497166072352229e+03
2.130662571064006897e+03
2.158058762344309343e+03
2.131079200442575257e+03
2.069617227667999941e+03
2.195745107495211414e+03
2.211416913876935268e+03
2.211287008383588272e+03
2.201271438577881781e+03
2.068869626754357796e+03
2.216341210284695080e+03
2.124052051448195016e+03
2.144392746543815520e+03
2.005254525076798700e+03
2.148735583377193507e+03
2.191046580374104451e+03
2.030563230018147124e+03
2.131195882084413370e+03
2.121586102843205026e+03
2.224395595782430519e+03
2.168765046733068175e+03
2.119677290511320734e+03
2.179926674861124411e+03
2.099024108363633331e+03
2.117052887322838160e+03
2.127007174622821822e+03
2.168841018485399672e+03
2.130606575131512272e+03
2.124667229329493239e+03
2.180655843202574033e+03
2.224648380120146157e+03
2.119295996203560662e+03
2.173169285650659731e+03
2.136098556341536550e+03
2.181265022424175186e+03
2.086434818768285368e+03
2.106746699235367032e+03
2.094169795667028666e+03
2.159927932605073693e+03
2.288353616746690022e+03
2.111609331831140025e+03
2.114075980987331604e+03
2.022509438658601312e+03
2.055839944455179193e+03
2.157001879311648281e+03
2.221524709313355288e+03
2.104507383501078493e+03
2.163468017481961851e+03
2.137375504144836668e+03
2.077217296856672874e+03
2.081161799441493713e+03
2.077755562913259382e+03
1.964637415807423622e+03
2.114077068260481155e+03
2.060021954032602025e+03
2.231430030308789355e+03
2.102095365801872049e+03
2.190625978644665338e+03
2.106646889352353355e+03
2.159684941595947748e+03
2.097370847935351321e+03
2.176717066188071840e+03
2.202614799827008028e+03
2.122376567007407630e+03
2.084679077056590813e+03
2.205031405634704242e+03
2.166126264762632218e+03
2.109224137294592310e+03
2.028384055155770511e+03
2.110278842692558101e+03
2.139397301976107428e+03
2.241167128326061629e+03
2.332486624858124287e+03
2.116851047565721274e+03
2.128745211338784884e+03
2.066642187109140195e+03
2.163241155680831071e+03
2.089349214894355100e+03
2.217325293269851500e+03
2.151348440183664025e+03
1.996527641430055382e+03
2.082731662563288864e+03
2.207803002859249318e+03
2.089004312424849104e+03
2.051254875577429175e+03
2.138566754182260865e+03
2.190345563850361941e+03
2.107132998911410141e+03
2.056445003129683755e+03
2.158283910831424237e+03
2.110727515280553689e+03
2.143021390170045379e+03
2.232594990430193320e+03
2.101911462292388478e+03
2.133880787247506305e+03
2.108384449808008867e+03
2.276852064237798004e+03
2.065983006557523822e+03
2.223716101495934709e+03
2.223686576682789564e+03
2.082936258981573246e+03
2.224712029786740914e+03
2.046812277859643473e+03
2.133298284001310549e+03
2.241737948637824047e+03
2.126659198143863250e+03
2.226882322601008127e+03
2.069405800123128756e+03
2.086263797473146951e+03
2.028734914589056189e+03
2.081177029374212452e+03
2.099600618799220229e+03
2.180784646858937322e+03
2.119965435409799284e+03
2.112576863002027039e+03
2.176008724202709800e+03
2.167538371058779376e+03
2.232340396272543785e+03
2.090629928522931095e+03
2.050170710068250628e+03
2.239309763161963929e+03
2.097417303703422931e+03
2.099626079787043636e+03
2.083921924730515457e+03
2.060840954920721288e+03
2.088560847749314235e+03
2.152115643546830142e+03
2.187596027698331909e+03
2.132957639330665188e+03
2.161380863039130418e+03
2.130225706018826713e+03
2.143772391193669137e+03
2.077013132638560819e+03
2.154921683862284226e+03
2.099792421295998338e+03
2.136692608217400903e+03
2.184337565778646422e+03
2.259469666423362014e+03
2.056119943062153652e+03
2.223271795863818625e+03
2.084313666329715033e+03
2.063422516056692530e+03
2.107176699311493849e+03
2.169093311359933523e+03
2.082380174879562674e+03
2.171111479512541791e+03
2.094771814867015564e+03
2.049409533626480425e+03
2.212775323485770514e+03
2.105937020127018968e+03
2.178844081790020482e+03
2.268099578061252032e+03
2.174001797746457214e+03
2.148316617630392102e+03
2.146209541775945127e+03
1.999995662217966128e+03
2.017360898930229041e+03
2.100602778577754634e+03
2.164257173305811193e+03
2.029233109375355525e+03
2.148511952855909385e+03
2.005606710687643272e+03
2.026716562243526823e+03
2.252393980514461873e+03
2.279087712644171916e+03
2.037612082682824393e+03
2.359675956742714789e+03
2.227736365707922232e+03
2.117259403905996805e+03
2.187620873508064051e+03
2.125527786216651748e+03
1.976076578002502401e+03
2.096201799322731858e+03
2.218448421058825261e+03
2.088172637118020248e+03
2.096993127168327646e+03
2.156426984355241984e+03
2.099417083900395937e+03
2.219408829238917860e+03
2.058453780138308503e+03
2.120030958993550030e+03
2.122128173372871061e+03
2.262005518695952560e+03
2.102721171655741273e+03
2.120093151998333724e+03
2.210062111265446674e+03
2.182501451160593660e+03
2.109620226077249299e+03
2.180880306202578140e+03
2.151284801024746230e+03
2.116476747159982096e+03
2.191326845983050134e+03
2.024850034642221090e+03
2.252237098985369812e+03
2.034303193803179965e+03
2.050721561199519783e+03
2.077537371657624590e+03
2.148349944337628585e+03
2.127975387591585331e+03
2.197814309669072827e+03
2.022141106690972947e+03
2.179108412916854377e+03
2.058743806262043108e+03
2.213067361634969529e+03
2.165253180872829034e+03
2.067785575675688506e+03
2.137756663642417152e+03
2.163540509442744678e+03
2.195690181310166736e+03
2.073991998832967511e+03
2.079420802981354427e+03
2.148632544890070221e+03
2.272010471525236426e+03
2.113359156466779496e+03
2.170408662970101886e+03
2.035034554131038249e+03
2.044044497794763629e+03
2.079515457457443517e+03
2.134610403298818255e+03
2.111255844897416409e+03
2.076863010621051671e+03
2.198266155884737145e+03
2.180648282295505396e+03
2.207931693690814882e+03
2.191018738819313057e+03
2.213175866073434463e+03
2.251536782201612823e+03
2.199578968034756599e+03
2.067473345228968356e+03
2.039236916409701053e+03
2.268682442436757810e+03
2.079383301419047712e+03
2.047790845243327340e+03
2.140988494084611830e+03
2.162823281252917241e+03
2.130642257470643472e+03
2.081013109557568441e+03
2.231827816106281716e+03
2.083940889355540548e+03
2.201180357878978612e+03
2.178752401860208920e+03
1.988668275324570232e+03
2.009898648388726087e+03
2.158114714410228316e+03
2.049323887537434985e+03
2.124048516195381126e+03
2.141013775109587186e+03
2.215846813611125526e+03
2.111556633126521319e+03
2.049975641422141962e+03
2.104285088535055820e+03
2.113585104043660976e+03
2.129483403935344086e+03
2.055192595966156205e+03
2.061110744521700781e+03
2.198293958029159512e+03
2.180969405869302591e+03
2.063597075902972392e+03
2.107592373415998736e+03
2.134121332360184624e+03
2.119186966669531557e+03
2.167087581079715619e+03
2.153292393035352688e+03
2.020148864306944006e+03
2.140091366429468962e+03
2.296946892076804943e+03
2.208437532648678825e+03
2.141202143023937879e+03
2.176220646528762700e+03
2.022679463721545289e+03
2.033689790063506052e+03
2.070338961820881195e+03
2.138858511989666567e+03
2.133964245235015824e+03
2.272832690635261315e+03
2.120108764329874703e+03
2.130479620284451812e+03
2.122803732055118871e+03
2.103189194357475571e+03
2.190656194718328607e+03
2.123857592539941379e+03
2.091789202327502153e+03
2.021422505908294852e+03
2.165078988923058660e+03
2.254686100080317374e+03
2.088382825996196971e+03
2.245284820861206754e+03
2.158605327314070109e+03
2.068280170803911005e+03
2.110990896850540594e+03
2.125068598731503243e+03
2.052133263365500170e+03
2.142005133164545441e+03
2.085224889973639165e+03
2.176421456745536489e+03
2.132150996167843459e+03
2.053587827305724659e+03
2.182293603289701878e+03
2.173450547842652213e+03
2.092343422983160508e+03
2.110334364589345569e+03
2.180266801579577987e+03
2.085028185399287850e+03
2.070779644062640727e+03
2.126254479763962536e+03
2.030493723641138786e+03
2.224652635941303288e+03
2.188358075426596770e+03
2.073323440114312234e+03
2.225767116916730629e+03
2.091221318243936821e+03
2.238269393051684801e+03
2.189876797102208457e+03
2.174570635970648709e+03
2.122937775804773082e+03
2.109018778672441385e+03
2.193865747076172283e+03
2.250029738126415396e+03
2.012930591764050405e+03
2.203423797394108078e+03
2.148212981898790986e+03
2.287552722685031313e+03
2.105136326301895224e+03
2.253897018577672952e+03
1.990378148666490233e+03
2.226960049029334641e+03
2.106178508343324211e+03
2.057960900226531521e+03
2.093822391975278151e+03
2.138292105044117307e+03
2.011669956294475469e+03
2.226925218294657043e+03
2.071661159935218166e+03
2.185237168154628307e+03
2.182390225470483074e+03
2.128124352123517838e+03
2.073535488240340328e+03
1.978140363177694780e+03
2.216695306504575001e+03
2.082204640532120720e+03
2.274615037442182711e+03
2.127065097998287001e+03
2.193122235428961631e+03
2.153847583343982933e+03
2.099616451313373091e+03
2.228333801033093096e+03
2.164472860229373964e+03
2.162816927115381986e+03
2.154661367630218137e+03
2.253618724797639516e+03
2.186850498273776793e+03
2.209761817350375168e+03
2.027169446828732816e+03
2.062276190972618679e+03
2.183278850258488546e+03
2.111745285683834027e+03
2.024691888152480033e+03
2.119720732510056678e+03
2.026816537801072172e+03
1.998596870564427945e+03
2.224706089846386476e+03
2.109987295365169757e+03
2.089664143256481566e+03
2.111347025657918948e+03
2.116514264923675910e+03
2.101754971365210167e+03
2.163877903462008817e+03
2.077012581461298851e+03
2.033708223039994209e+03
2.123625250290919666e+03
2.285961760928422791e+03
2.069326095506455204e+03
2.233872027723362862e+03
2.269381446722437431e+03
2.190938059319985314e+03
2.093924080751331530e+03
2.059476190150250204e+03
2.104526072277144067e+03
2.192961025855936441e+03
2.199857872323883385e+03
2.188629118955354897e+03
2.210847218731555586e+03
2.127659123153635846e+03
2.187678413456086219e+03
2.060147629305553892e+03
2.253812314584888099e+03
2.120520384460333844e+03
2.251510863762945519e+03
2.179808439604263185e+03
2.089724038827212098e+03
2.079193284626570858e+03
2.240723509858918533e+03
2.162293330190712823e+03
2.150644170615439180e+03
2.035835510347580566e+03
2.029322303268663291e+03
2.128310718768326751e+03
2.080283229722547730e+03
2.087964295020325608e+03
2.261283483721297671e+03
2.137324764575730569e+03
2.079976019369333699e+03
2.065975947927238849e+03
2.114364023941093819e+03
2.184547053506440989e+03
2.088555740321024132e+03
2.154181248712171055e+03
2.104145050606715358e+03
2.207359196454860012e+03
2.108309523595939027e+03
2.136918263369916076e+03
2.068893648808465059e+03
1.982279056763324434e+03
2.096335102402579196e+03
2.088093845034957667e+03
2.303840868266328926e+03
2.204913051645882661e+03
2.249003578707700399e+03
2.140701798421940111e+03
1.983225633346819450e+03
2.161776836472591185e+03
2.231146264099227210e+03
2.178785179927002901e+03
2.142665817127402988e+03
2.220748054716143088e+03
2.040799287814474383e+03
2.142764424544279791e+03
2.133003502505087454e+03
2.026758715394835690e+03
2.179117542233643690e+03
2.050443838711239550e+03
2.110947035875638903e+03
2.093125985618713912e+03
2.128922976379656120e+03
2.215133705662178727e+03
2.144824515795539355e+03
2.184249194386070485e+03
2.244003070008365285e+03
2.082012644883799112e+03
2.212418171587169581e+03
2.152898176915095974e+03
2.131302377294819507e+03
2.147696345708243371e+03
2.180788925087282678e+03
2.180531377906545458e+03
2.014635879176361414e+03
2.105891591892772794e+03
2.140831844925731275e+03
2.088816377034212110e+03
2.094370184041049015e+03
2.022502122514553776e+03
2.059793252634859982e+03
2.144739355883185453e+03
2.045457265453652781e+03
2.084609418319678753e+03
2.119985885101105850e+03
2.077535441252801775e+03
2.135759115216549617e+03
2.208630371635720621e+03
2.157256001236239626e+03
2.198268501564783492e+03
2.093861738311004501e+03
2.100948543186379538e+03
2.145759512574523342e+03
2.064444050648002758e+03
2.252687175451442272e+03
2.078485972329189735e+03
2.102728675170640599e+03
1.940434570908979140e+03
2.044651542408873638e+03
2.189135319463996893e+03
2.347605755179980406e+03
2.089623369283891407e+03
2.281449255786877984e+03
2.043774007436055626e+03
2.107430459948981479e+03
2.357562204680108152e+03
2.139367437603469170e+03
2.224642187408091559e+03
2.116234899508769104e+03
2.103498128964416992e+03
2.216329901664957106e+03
2.074560762185874864e+03
2.048079845202415527e+03
2.142601941398517283e+03
2.230768846695159482e+03
2.176682766828650983e+03
2.141563470365638295e+03
2.202697168985093413e+03
2.130796527256223271e+03
2.087916402535436191e+03
2.209470311966057125e+03
2.289784456519416381e+03
2.181756398478038136e+03
2.229365875736502403e+03
2.184846720594144699e+03
2.141225761784127826e+03
2.085088712003241199e+03
2.169835882225023397e+03
2.090034463495548152e+03
2.201243919130924951e+03
2.288436971629260825e+03
2.072854820622145780e+03
2.045661472175539529e+03
2.198515683226012698e+03
2.272506271584849856e+03
1.997867257726945581e+03
2.073367036784233278e+03
2.052215320724626054e+03
2.214743241574974036e+03
2.141447424713046530e+03
2.230943288906708858e+03
2.068403485605442256e+03
2.095657583346603587e+03
2.094658817122066012e+03
2.163126801159666229e+03
1.956186823254383626e+03
2.041648376671256756e+03
2.161932471291844649e+03
2.213464152703920718e+03
2.000948063941040118e+03
2.120283981983894591e+03
2.094627157346414606e+03
1.968509689971952184e+03
2.069028373841565099e+03
2.113142094154606184e+03
2.155862385211910805e+03
2.135163785296249898e+03
2.123301191182513321e+03
1.960946803901291332e+03
2.092993134676700265e+03
2.088385433221071708e+03
2.209792294767708427e+03
2.143704981356474036e+03
2.247684827202313500e+03
2.206379424547696090e+03
2.165400613449871344e+03
1.971122883714811678e+03
2.167858873116984341e+03
2.156652882840975963e+03
2.126259525241519896e+03
2.038688883470501878e+03
1.990612695485595168e+03
2.121321233928049878e+03
2.122898263566901278e+03
2.029043855390711315e+03
2.034024306864353775e+03
2.177993754198870647e+03
2.218254598340031862e+03
2.252280753646202356e+03
2.183407834470146554e+03
2.116841830813982597e+03
2.128322047449617003e+03
2.019755152184221060e+03
2.021748381029612119e+03
2.010829315135239767e+03
2.102320566582325228e+03
2.051264289912408003e+03
2.196814034527032163e+03
2.091230355885872086e+03
2.116531222158984747e+03
2.077880725396695198e+03
2.086548418012750972e+03
2.186292111086292607e+03
2.064317980552541030e+03
1.985861346234745270e+03
2.079720326309730808e+03
2.045670122042005005e+03
2.106721559575796164e+03
2.080210432255097658e+03
2.167766906006431782e+03
2.169448886682394914e+03
2.049443351716199231e+03
2.147360428675006006e+03
2.115070744317506069e+03
2.213881932231123301e+03
2.106478881640289728e+03
2.048928207622204354e+03
2.093777053374584739e+03
2.131734355197888362e+03
2.179936506880369052e+03
2.146595941008517457e+03
2.064783406077683139e+03
2.071711349051578964e+03
2.082788304756432808e+03
2.045580213195125452e+03
2.090868893023079636e+03
2.097625556779298222e+03
2.178873834062986134e+03
2.228629051757196521e+03
2.127282110769205246e+03
2.067550009057391435e+03
2.108780254060016887e+03
2.106217916543435877e+03
2.128066956240733361e+03
2.209211972778442941e+03
2.146205649985679429e+03
2.186654497679233373e+03
2.223801393678032582e+03
2.154165604619076930e+03
2.090240865947386283e+03
2.080979649013532708e+03
2.165669858333722459e+03
2.119437218239129379e+03
2.116057020676777938e+03
2.040975654306700562e+03
2.023179716996028674e+03
2.135469309954269647e+03
2.056162362214711720e+03
2.168460335596148070e+03
2.110209480457828704e+03
2.068580535385934127e+03
2.187755853582938016e+03
2.051473172485809755e+03
2.124480900073705925e+03
2.095298079772118399e+03
2.174704726029415269e+03
2.122505093714225950e+03
2.081648263384700385e+03
2.262970479311471991e+03
2.151056034317684862e+03
2.213113184206903043e+03
2.049004689107428021e+03
2.219868597638307619e+03
2.255329344035671966e+03
2.020961696491009207e+03
2.030374080692125290e+03
2.006138286748407836e+03
2.192085919387855483e+03
2.029827159035234217e+03
2.155226644675658463e+03
2.301341222806597216e+03
2.163088801679713470e+03
2.144316956284451408e+03
2.108772384843071904e+03
2.074060781419057548e+03
2.117526435035492796e+03
2.035702391855868882e+03
2.228729860336417914e+03
2.276192523656507547e+03
2.242020726592539631e+03
2.225084707319617792e+03
2.061990850160419541e+03
2.162134850837104750e+03
2.201842262732820473e+03
2.141681538301494584e+03
2.116043788445440896e+03
2.282334998166370497e+03
2.112004798803623544e+03
2.227445206740090725e+03
2.253321707450986196e+03
2.131413507627140007e+03
2.063283639679000771e+03
2.092918015718153583e+03
2.036217385960389265e+03
2.250312608474468561e+03
2.079913694338528330e+03
2.156118323920146850e+03
2.094984333066765885e+03
2.146095571099196150e+03
2.179482175421332158e+03
2.034121394048152979e+03
2.043464676376240050e+03
2.129731539140217592e+03
2.184403624063057123e+03
2.155360557822905321e+03
2.218549281920312751e+03
2.049118297279242597e+03
2.178408245752392304e+03
2.124201057987444528e+03
2.048706033072905484e+03
2.152684378185911555e+03
2.183182449487332178e+03
2.119330680765578563e+03
2.054654209309412181e+03
2.139191316968324827e+03
2.189377720063825109e+03
2.024938590085174383e+03
2.184885101349223987e+03
2.256016668587345521e+03
2.098218410849283373e+03
2.103880460517580104e+03
2.189203627983011756e+03
2.044021061206470677e+03
2.045209051479131176e+03
2.154943638152647054e+03
2.203661421550779323e+03
2.171823581556867794e+03
2.122979366667207614e+03
2.144120635008170666e+03
2.158023014903834792e+03
2.169297023776876358e+03
2.077962967007569205e+03
2.088973755371385778e+03
2.090785430012577763e+03
2.039302572863152363e+03
1.995928748965786326e+03
2.077936400236091686e+03
2.053710432297453735e+03
2.149214803946938446e+03
2.208812444297341699e+03
2.158553932217269448e+03
2.168657117991161158e+03
2.109830616957738584e+03
2.181135998904052940e+03
2.147675277394418117e+03
2.113169662129404514e+03
2.067919456343894581e+03
2.246884086670584566e+03
2.108397389074244529e+03
2.141738474555068024e+03
2.014817535341386019e+03
2.034717592530165120e+03
2.058705068625047716e+03
2.081659843253617510e+03
2.056262170175267784e+03
2.089022263332210969e+03
2.089880611183978999e+03
2.163003032861922748e+03
2.056023763967329614e+03
2.007382796945018526e+03
2.124138008936723054e+03
2.234816768418253560e+03
2.065260123046056378e+03
2.186937796379784231e+03
2.253147252208987084e+03
2.146556567361595171e+03
2.069731602080343237e+03
2.214757890018600847e+03
2.144201531973570582e+03
2.170912474757720702e+03
2.160168465579668009e+03
2.134583167091798259e+03
2.101581070142041881e+03
2.202756467184185112e+03
2.201670891104945440e+03
2.113774829228077124e+03
2.101049262878805621e+03
2.125409365526038982e+03
2.075885110940807408e+03
2.060558333609190413e+03
2.149227341187343882e+03
2.222299385465950763e+03
2.134427073802292853e+03
2.082518457252654116e+03
2.103048400390272491e+03
2.162880707300198083e+03
2.091561614393219315e+03
2.144206704382819680e+03
2.160259959335877284e+03
2.165971167033628262e+03
2.170871977979786152e+03
2.077227097614346349e+03
2.109931040053278593e+03
2.247078395770371117e+03
1.992931477604401834e+03
2.029677690936537374e+03
2.216635510984741359e+03
2.151001105385936171e+03
1.969207456636657525e+03
1.947688057848458811e+03
1.959912700297294123e+03
2.258594453692442585e+03
2.151742744516747280e+03
2.043298820585690919e+03
2.050543463075872751e+03
2.013898453965000954e+03
2.117550454497882129e+03
2.087923368932341418e+03
2.099079747014541226e+03
2.117475513525702809e+03
2.109747144495837802e+03
2.149491381747447122e+03
2.030061885710378419e+03
2.095373672986107067e+03
2.111949274511829572e+03
2.190285050630201113e+03
2.187549140895707751e+03
2.082931684522714932e+03
2.118167297024044728e+03
1.935171349208788115e+03
2.040408931327094479e+03
2.186734224484433526e+03
2.287521188661421093e+03
2.155101820817426869e+03
2.111263522919194656e+03
2.149695140678144071e+03
2.186705473583991989e+03
1.982883300442012569e+03
2.143449380945506164e+03
2.118997441625857391e+03
1.990935309747698966e+03
2.113432868005126238e+03
2.057977931476261801e+03
2.021531464261698375e+03
2.094796683846323958e+03
2.230144820993704343e+03
2.167564805213490217e+03
2.133172166280184683e+03
2.075792889471896615e+03
2.211486921974414145e+03
2.047711397590700244e+03
2.060565716191570118e+03
2.204578481859127805e+03
2.240357857728532508e+03
2.113151446086111264e+03
2.173648888069456007e+03
2.259750421363859004e+03
2.206774731805900956e+03
2.044674525748127735e+03
2.096697048160795930e+03
2.209136700697549713e+03
2.177457422531090288e+03
2.033462491132097057e+03
2.091518181452421231e+03
2.138117454927415565e+03
2.079197009720952337e+03
2.116584899175705687e+03
1.963109144322143038e+03
2.033112803641537994e+03
2.217843856408361717e+03
2.113768089601837346e+03
2.022427944720946243e+03
2.117380533203594950e+03
2.235350915802309373e+03
2.180168253728694708e+03
2.166025013893422511e+03
1.997630242476300737e+03
2.231609795469476012e+03
2.216841122727531456e+03
2.081726751034862446e+03
2.020075364703747255e+03
2.077804056133619724e+03
2.142970350789395980e+03
2.186814536156830400e+03
2.139952408184229171e+03
2.083285261341740807e+03
2.108930581317400538e+03
2.136792980900963812e+03
2.273524252060542494e+03
2.110871653015231914e+03
2.215483388948329321e+03
2.085988545007091943e+03
2.114313453611339355e+03
2.100225541900534154e+03
2.315145831397615439e+03
2.118526930895063742e+03
2.157066085402732824e+03
2.218107150236734469e+03
2.151554964945290521e+03
2.206686405471247781e+03
2.242950424326525081e+03
2.190749967512113926e+03
2.076842603148979379e+03
2.037950291250898090e+03
2.193471954042299785e+03
2.079885521779273404e+03
2.133531206809034302e+03
2.150280592236786561e+03
2.222524270490311665e+03
2.131177028480736681e+03
2.036021461606225557e+03
2.152808260854494165e+03
2.054446276306195614e+03
2.108132464261193036e+03
1.963847221939369774e+03
2.081516539814139833e+03
2.077121869621048063e+03
2.128659861649365666e+03
2.318480074812159728e+03
2.166194191356723422e+03
2.297170713460984643e+03
2.127426344219908515e+03
2.127036835712775428e+03
2.206945522003834412e+03
2.118688052416508526e+03
2.117235528459205852e+03
2.117641687819095750e+03
2.031406070697370978e+03
2.158920189182272225e+03
2.118747549961116420e+03
2.117423191158025475e+03
2.087521905365404109e+03
2.027871605788129045e+03
1.995758375852173231e+03
1.946282041123837871e+03
2.210629737929984913e+03
2.152985023098439342e+03
1.981395310727074047e+03
2.168087131837649395e+03
2.067452126795480581e+03
2.171899940226532181e+03
2.204270319244427355e+03
2.054217624308091217e+03
2.133905793779895248e+03
2.076540188657280396e+03
2.127581313891416812e+03
2.207344847355936508e+03
2.082363976735296092e+03
2.214455273525500161e+03
2.018297639692902294e+03
2.020400675816750891e+03
2.043565535493684820e+03
2.126687715800936076e+03
2.154140160645301876e+03
2.003680998306408128e+03
2.084466927537638185e+03
2.161814140558950839e+03
2.201032445115822156e+03
2.168633311178392432e+03
2.052846111417316024e+03
2.179429564589079746e+03
2.059755205362464039e+03
2.139942376030784999e+03
2.114086508140705064e+03
2.261273246329098129e+03
2.073483035462784301e+03
2.119882435293069648e+03
2.104651841646517823e+03
2.214007591666510507e+03
2.268112559288286320e+03
2.060779101392876782e+03
2.161204900914593054e+03
2.067940820361554415e+03
2.111716322689839217e+03
2.069755020093492476e+03
2.074504526669145434e+03
2.020622269708536351e+03
2.213669957088922274e+03
2.100729808600969591e+03
2.122953162112734844e+03
2.137703867040045225e+03
2.031215480921980998e+03
2.155031544205925456e+03
2.102404481601471616e+03
2.143573040609518557e+03
2.121417064629948072e+03
2.113468495792335489e+03
2.185875761795216476e+03
2.030739873949088860e+03
2.131196084061899455e+03
2.045279041402118992e+03
2.096018386274046861e+03
2.155461009585602369e+03
2.048978762633084443e+03
2.135524993201025609e+03
2.157479115343855483e+03
2.057208625716873030e+03
2.022126860906914317e+03
2.157389872991660923e+03
2.090643561491013315e+03
2.118937512593138763e+03
2.218524278022246563e+03
2.069217968473914880e+03
2.135435601374988892e+03
2.171477326220995565e+03
2.247773665196595175e+03
2.002781037026137483e+03
2.208263577753841673e+03
2.180283108760168034e+03
2.012993666830948769e+03
2.065307478057603930e+03
2.072456296702130203e+03
2.032953839672565891e+03
2.031356718995498568e+03
2.119214260626831219e+03
2.077939975813493675e+03
2.182710972517663777e+03
2.079255812767397401e+03
2.125139129794456949e+03
2.088138388924814535e+03
2.109681784250222790e+03
2.111214738458597367e+03
2.254250863766038037e+03
2.100008760665160480e+03
2.069813663325484413e+03
2.181879184084681128e+03
2.093564267298297636e+03
2.273097798807918934e+03
2.162002199517374265e+03
2.078607308051762175e+03
2.155121575596716866e+03
2.078179206002706906e+03
2.131240522082860480e+03
2.051979900292359616e+03
2.122902232862320488e+03
2.240025680983309940e+03
2.004330770387106895e+03
2.000604721955818604e+03
2.173330931501997838e+03
2.151131288996229614e+03
2.066762345691948212e+03
2.089701986344476609e+03
2.080172955863921288e+03
1.962483823679050829e+03
2.248111572716802129e+03
2.142312810902257297e+03
2.096877753506346380e+03
2.028838003598281148e+03
2.035468610657071849e+03
2.194641387063315506e+03
2.135701053610677718e+03
2.136174137774193241e+03
2.139638903693451994e+03
2.102858027479668181e+03
2.085721626117702726e+03
2.064119496092624104e+03
2.129464915698104505e+03
2.255579043295192150e+03
2.178393641022274096e+03
2.057459845087302710e+03
2.141780716482569915e+03
2.003856457842294731e+03
2.200438260306252232e+03
2.137868702806501005e+03
2.194093748783157480e+03
1.969804050079138960e+03
2.092375287576233859e+03
2.265659246382747369e+03
2.185971103011473588e+03
2.128979512741077087e+03
2.013956854209122639e+03
2.171804135891865371e+03
2.078262147635497968e+03
2.108433600006380857e+03
2.121620951442738715e+03
2.183165574607187864e+03
2.178404904875184002e+03
2.156444251311677363e+03
2.106804043126472152e+03
2.171946334261835091e+03
2.200344687059710395e+03
2.168118853062742801e+03
2.069425903672142795e+03
2.184560305746363611e+03
2.213838005150126264e+03
2.122987466955690252e+03
2.144983543513693348e+03
2.188404550708749412e+03
2.027615284299324458e+03
2.047927332538530891e+03
2.324075624480175520e+03
2.149830559441164041e+03
2.085410586025168868e+03
2.096067405187370241e+03
2.151150188663794324e+03
2.102764461187747656e+03
2.120782458672559642e+03
2.216652217958065194e+03
2.120300672683979428e+03
2.149637162277640982e+03
2.036019991128034690e+03
2.158157162945091841e+03
2.028692588870309237e+03
2.092923709409039475e+03
2.026938686627246852e+03
2.144979834042523635e+03
2.143417007404900687e+03
2.198885316152061023e+03
2.115541414328447900e+03
2.151359565048882814e+03
2.113656407104529990e+03
2.201291615260676735e+03
2.269973878225717272e+03
2.165697492637492815e+03
2.018828286894170333e+03
2.071541456155638571e+03
2.011854349021639337e+03
2.161534691330629812e+03
2.096063305245571883e+03
2.163222896864609083e+03
2.245258846572710354e+03
2.060700782549537507e+03
2.123410382455713716e+03
2.039553807472920198e+03
2.227183243624275292e+03
2.225509610813246582e+03
2.182909921743403174e+03
2.176600102931272431e+03
2.189635234738128020e+03
2.094884722024841722e+03
1.968963717157617566e+03
2.066218083224595375e+03
2.153091354677474101e+03
2.105417649822530166e+03
2.118744036656248227e+03
2.114571385457630640e+03
2.133620839291811990e+03
2.157646338897159694e+03
2.209735138151121646e+03
2.114896182777775721e+03
2.257012162739900305e+03
2.097926652051138717e+03
2.094993880566133612e+03
2.065289306659832619e+03
2.140522188365154761e+03
2.137214059460156022e+03
2.037907468452182457e+03
1.954973659850958938e+03
2.236998501314748864e+03
2.079382286648451554e+03
2.049504242040256486e+03
2.143158937729597255e+03
2.115926254205608529e+03
2.176791319038063648e+03
2.131216007681243809e+03
2.143960104439951920e+03
2.093941203757649419e+03
2.224181782304646276e+03
2.084787412783787204e+03
2.211169107431219345e+03
2.059506409850233467e+03
2.072429409366689470e+03
2.257409836061146507e+03
2.170815781958657226e+03
2.095366840777336620e+03
2.117121349426135566e+03
2.131735208159015201e+03
2.210473514498158693e+03
2.140022819414909009e+03
2.171642019144303504e+03
2.172767078759251035e+03
2.156262357333187992e+03
2.200063639657564181e+03
2.098587928816077692e+03
2.102195769022891000e+03
2.152427950047794184e+03
2.038624951214572548e+03
2.104476511824140289e+03
2.170559506507884635e+03
2.069689843503738757e+03
2.125031258684266959e+03
2.038893471918035857e+03
2.061324127475371370e+03
2.190407761984070930e+03
2.188073249199289876e+03
2.042502907881203100e+03
2.071450738724783150e+03
2.102898276344094938e+03
1.996602511595810029e+03
2.126164929956671585e+03
2.192488074070792209e+03
2.128414549185034957e+03
2.148863797334783158e+03
2.051296005212031105e+03
2.225307123128951389e+03
2.140113228895499560e+03
2.122767630453057791e+03
2.037879818696012762e+03
2.123779435442456361e+03
2.128861660235166255e+03
2.134133904857444577e+03
2.147897926041206119e+03
2.120334516740345407e+03
2.087508492240806845e+03
2.292748863305356736e+03
2.132353217073100495e+03
2.204676252398212455e+03
1.993736116433686902e+03
2.113668494023229414e+03
2.119256860301332381e+03
2.210335956604717012e+03
2.194883728572556265e+03
2.101215284672616690e+03
2.015823884582557184e+03
2.152801137843364813e+03
2.035346381989388874e+03
2.285853962059217338e+03
2.146737457241268203e+03
2.042703263862721315e+03
2.104988074829938796e+03
2.153990856501145572e+03
2.039729703853630781e+03
2.052315904590433092e+03
2.076506220087955626e+03
2.065880336347225239e+03
2.144493259907810170e+03
2.091614115032373320e+03
2.166703109347105510e+03
2.238679487039005835e+03
2.201585574679736965e+03
2.041789049805272271e+03
2.156015524512138654e+03
2.170504278402587261e+03
2.196314654225742743e+03
2.077852892763311502e+03
2.076006370549936491e+03
2.161587610665400462e+03
2.214475803260598695e+03
2.024567070400567673e+03
2.252605710572682256e+03
2.071040722864082454e+03
1.942635282370565392e+03
2.104961267987845076e+03
2.099382941324670355e+03
2.117624790786093854e+03
2.140815747314109103e+03
2.203472120533182533e+03
2.182050963342194791e+03
2.092777008740505153e+03
2.023626940972613511e+03
2.094402538910509065e+03
2.086530713078469489e+03
2.107245957072572764e+03
2.067128631583316292e+03
2.249993738983366256e+03
2.082565371637450426e+03
1.943380184513747736e+03
2.195464231349986676e+03
2.199089189046527281e+03
2.104657411150258667e+03
2.115997933556022417e+03
2.072848513101251228e+03
2.086476165774989113e+03
2.178369740807749622e+03
2.182711076952107760e+03
2.056688867308311728e+03
2.147596054058270511e+03
2.150318010624681847e+03
2.203665270688503824e+03
2.156406075707795026e+03
2.145117730023226159e+03
2.254673356454470195e+03
2.207563259620076224e+03
2.189762489922504756e+03
2.108191228169444457e+03
2.208721310323530815e+03
2.071334397758929299e+03
2.158151402927948766e+03
2.101175377944005959e+03
2.062806191307944118e+03
2.163095199860001230e+03
2.163845510079018823e+03
2.184705088801539659e+03
2.158043529350631616e+03
2.114055846284787094e+03
2.048649153079778443e+03
2.202934811199984324e+03
2.053375696983938269e+03
2.131209669036641117e+03
2.037392027672503900e+03
2.100816438765983094e+03
2.086923495491471840e+03
2.153789976996442419e+03
2.049592116541181440e+03
2.148865373600425755e+03
2.035028151784640386e+03
2.103891029387580602e+03
2.207217079581137568e+03
2.132845294966731672e+03
2.145853284626324694e+03
1.959638582556329084e+03
2.087705372621442166e+03
2.174493433043443474e+03
1.983953414675326030e+03
2.122690981788857698e+03
2.124119996540274315e+03
2.086251761082604389e+03
2.130557679123595790e+03
2.060405395683254483e+03
2.119984750684165647e+03
2.035549814650589042e+03
2.146275009654190853e+03
2.037826019369339747e+03
2.111799999077493339e+03
2.203907412968082099e+03
2.117531435126944416e+03
2.153633036623583394e+03
2.103188202111466580e+03
2.032785188145656321e+03
2.103285975746494387e+03
2.107299264038558704e+03
2.178528867221612472e+03
2.164741894665061864e+03
2.203110570403625843e+03
2.093567917310469966e+03
2.192255817775735977e+03
2.170929328465544586e+03
2.173059667574323157e+03
1.976234528652555582e+03
2.061562182174606733e+03
2.177517874841023513e+03
2.094047926985474533e+03
2.121943463182162304e+03
2.084036332675956146e+03
2.003154731832479683e+03
2.096939292531835690e+03
2.125737899617799485e+03
2.216324864423341751e+03
2.123042609706998974e+03
2.149979339671602247e+03
1.985719683537386345e+03
1.966921639116555070e+03
2.120055648893486705e+03
2.053972623079566802e+03
2.089138314671969965e+03
2.127597461508010383e+03
2.050736389025937569e+03
2.186748194320835864e+03
2.111566393530678852e+03
2.230816066347217202e+03
2.162914497668352396e+03
2.094263676539017524e+03
2.068865693096719497e+03
2.128302263682068315e+03
2.195178112181187316e+03
2.160583444906761542e+03
2.211945380518855018e+03
2.199715166086324189e+03
2.074182858602458055e+03
2.118963201577153086e+03
2.161406216632160977e+03
2.147305958628472126e+03
2.165128394746278900e+03
2.063621624565725597e+03
2.197733956867746656e+03
2.082498922223132922e+03
2.112010477172491392e+03
2.127128555343800599e+03
2.063931360258598488e+03
2.032390295444051617e+03
2.167561216733746278e+03
2.103525608220210415e+03
2.204107234823392446e+03
2.024583602747018858e+03
2.251609029823239325e+03
2.060553825519551538e+03
2.131720740399076021e+03
2.184478681034244801e+03
2.171257359398838162e+03
2.200544010034384883e+03
2.251552447690676217e+03
2.017177414848167473e+03
2.017183336697547020e+03
2.114634339208954316e+03
2.040595441243296136e+03
2.203216419659994244e+03
2.080920727028022611e+03
2.206486614498021481e+03
2.104837312942057906e+03
2.098517642968545715e+03
2.224431471277183846e+03
2.083460493347449756e+03
2.063425087210434413e+03
2.131417393328399157e+03
2.135557804347378806e+03
2.201133857370167334e+03
2.041948544246786923e+03
2.094365433766184196e+03
2.137799051307698846e+03
2.262211364670541116e+03
2.149717505441545654e+03
2.186147885369647156e+03
2.000385121770379783e+03
2.074736210827721152e+03
2.066009578027041698e+03
2.210451210988806906e+03
2.046524661015478841e+03
2.027197791169503262e+03
2.065829744049323381e+03
2.172193910765454348e+03
2.072679253307063391e+03
2.170664857939122157e+03
2.136238139106454582e+03
2.133116420795770409e+03
2.216960563931950219e+03
2.079045986269388322e+03
2.149408365902932928e+03
2.175379065237625127e+03
2.142448565105732541e+03
2.119076060819526901e+03
2.181555806896560171e+03
2.004703150178577971e+03
2.110086252865207825e+03
2.098525290334407146e+03
2.098645994129306018e+03
2.011734581979116228e+03
2.041910576255070737e+03
2.111892972456499137e+03
2.166844730118483312e+03
2.105986959482824204e+03
2.121451477572197746e+03
2.005367059696661499e+03
2.088947127812471081e+03
2.155501010731215047e+03
2.215129951853592047e+03
2.162450479334305783e+03
2.181463375997121148e+03
2.172168543592196784e+03
1.944092739523015325e+03
2.155484153561705170e+03
2.096886183501347205e+03
2.071833501973103466e+03
2.119125775417900968e+03
2.146810834138140763e+03
2.259427631158301210e+03
2.081457216413867172e+03
2.180167864805489899e+03
2.184252989659667037e+03
2.097069445823922251e+03
2.181101884445082760e+03
2.134923475075295755e+03
2.099648654700693442e+03
2.164192271703827373e+03
2.108238821596841717e+03
2.099048110202777025e+03
2.081158324268349133e+03
2.088886921780513148e+03
2.081758284778583402e+03
1.962330686549436678e+03
2.084046941366326791e+03
2.166926420881891772e+03
2.065206975812883229e+03
1.974581877898582434e+03
2.197751345539160411e+03
2.195411568618550064e+03
2.022287615997744751e+03
2.157441792120854643e+03
2.139701615566616965e+03
2.162964871746291465e+03
2.072160744402457567e+03
2.140389961037839839e+03
2.046161535346038590e+03
2.152372468692039547e+03
2.167923524348514547e+03
2.032603784883533081e+03
2.087353972561702449e+03
2.093405808053753844e+03
2.055155497990690492e+03
2.253400238023300062e+03
2.062267427488148769e+03
2.084930397822545729e+03
2.075157942408328836e+03
2.162211520585580274e+03
2.055624641802588485e+03
2.012981515567982115e+03
2.115003957186499065e+03
2.212479007535922392e+03
2.123645236234743606e+03
2.035340458803657384e+03
2.061638843109806658e+03
2.074650344408915771e+03
